# timecode format v2
0
42
83
125
167
209
250
292
334
375
417
459
501
542
584
626
667
709
751
792
834
876
918
959
1001
1043
1084
1126
1168
1210
1251
1293
1335
1376
1418
1460
1502
1543
1585
1627
1668
1710
1752
1793
1835
1877
1919
1960
2002
2044
2085
2127
2169
2211
2252
2294
2336
2377
2419
2461
2503
2544
2586
2628
2669
2711
2753
2794
2836
2878
2920
2961
3003
3045
3086
3128
3170
3212
3253
3295
3337
3378
3420
3462
3504
3545
3587
3629
3670
3712
3754
3795
3837
3879
3921
3962
4004
4046
4087
4129
4171
4213
4254
4296
4338
4379
4421
4463
4505
4546
4588
4630
4671
4713
4755
4796
4838
4880
4922
4963
5005
5047
5088
5130
5172
5214
5255
5297
5339
5380
5422
5464
5506
5547
5589
5631
5672
5714
5756
5797
5839
5881
5923
5964
6006
6048
6089
6131
6173
6215
6256
6298
6340
6381
6423
6465
6507
6548
6590
6632
6673
6715
6757
6798
6840
6882
6924
6965
7007
7049
7090
7132
7174
7216
7257
7299
7341
7382
7424
7466
7508
7549
7591
7633
7674
7716
7758
7799
7841
7883
7925
7966
8008
8050
8091
8133
8175
8217
8258
8300
8342
8383
8425
8467
8509
8550
8592
8634
8675
8717
8759
8800
8842
8884
8926
8967
9009
9051
9092
9134
9176
9218
9259
9301
9343
9384
9426
9468
9510
9551
9593
9635
9676
9718
9760
9801
9843
9885
9927
9968
10010
10052
10093
10135
10177
10219
10260
10302
10344
10385
10427
10469
10511
10552
10594
10636
10677
10719
10761
10802
10844
10886
10928
10969
11011
11053
11094
11136
11178
11220
11261
11303
11345
11386
11428
11470
11512
11553
11595
11637
11678
11720
11762
11803
11845
11887
11929
11970
12012
12054
12095
12137
12179
12221
12262
12304
12346
12387
12429
12471
12513
12554
12596
12638
12679
12721
12763
12804
12846
12888
12930
12971
13013
13055
13096
13138
13180
13222
13263
13305
13347
13388
13430
13472
13514
13555
13597
13639
13680
13722
13764
13805
13847
13889
13931
13972
14014
14056
14097
14139
14181
14223
14264
14306
14348
14389
14431
14473
14515
14556
14598
14640
14681
14723
14765
14806
14848
14890
14932
14973
15015
15057
15098
15140
15182
15224
15265
15307
15349
15390
15432
15474
15516
15557
15599
15641
15682
15724
15766
15807
15849
15891
15933
15974
16016
16058
16099
16141
16183
16225
16266
16308
16350
16391
16433
16475
16517
16558
16600
16642
16683
16725
16767
16808
16850
16892
16934
16975
17017
17059
17100
17142
17184
17226
17267
17309
17351
17392
17434
17476
17518
17559
17601
17643
17684
17726
17768
17809
17851
17893
17935
17976
18018
18060
18101
18143
18185
18227
18268
18310
18352
18393
18435
18477
18519
18560
18602
18644
18685
18727
18769
18810
18852
18894
18936
18977
19019
19061
19102
19144
19186
19228
19269
19311
19353
19394
19436
19478
19520
19561
19603
19645
19686
19728
19770
19811
19853
19895
19937
19978
20020
20062
20103
20145
20187
20229
20270
20312
20354
20395
20437
20479
20521
20562
20604
20646
20687
20729
20771
20812
20854
20896
20938
20979
21021
21063
21104
21146
21188
21230
21271
21313
21355
21396
21438
21480
21522
21563
21605
21647
21688
21730
21772
21813
21855
21897
21939
21980
22022
22064
22105
22147
22189
22231
22272
22314
22356
22397
22439
22481
22523
22564
22606
22648
22689
22731
22773
22814
22856
22898
22940
22981
23023
23065
23106
23148
23190
23232
23273
23315
23357
23398
23440
23482
23524
23565
23607
23649
23690
23732
23774
23815
23857
23899
23941
23982
24024
24066
24107
24149
24191
24233
24274
24316
24358
24399
24441
24483
24525
24566
24608
24650
24691
24733
24775
24816
24858
24900
24942
24983
25025
25067
25108
25150
25192
25234
25275
25317
25359
25400
25442
25484
25526
25567
25609
25651
25692
25734
25776
25817
25859
25901
25943
25984
26026
26068
26109
26151
26193
26235
26276
26318
26360
26401
26443
26485
26527
26568
26610
26652
26693
26735
26777
26818
26860
26902
26944
26985
27027
27069
27110
27152
27194
27236
27277
27319
27361
27402
27444
27486
27528
27569
27611
27653
27694
27736
27778
27819
27861
27903
27945
27986
28028
28070
28111
28153
28195
28237
28278
28320
28362
28403
28445
28487
28529
28570
28612
28654
28695
28737
28779
28820
28862
28904
28946
28987
29029
29071
29112
29154
29196
29238
29279
29321
29363
29404
29446
29488
29530
29571
29613
29655
29696
29738
29780
29821
29863
29905
29947
29988
30030
30072
30113
30155
30197
30239
30280
30322
30364
30405
30447
30489
30531
30572
30614
30656
30697
30739
30781
30822
30864
30906
30948
30989
31031
31073
31114
31156
31198
31240
31281
31323
31365
31406
31448
31490
31532
31573
31615
31657
31698
31740
31782
31823
31865
31907
31949
31990
32032
32074
32115
32157
32199
32241
32282
32324
32366
32407
32449
32491
32533
32574
32616
32658
32699
32741
32783
32824
32866
32908
32950
32991
33033
33075
33116
33158
33200
33242
33283
33325
33367
33408
33450
33492
33534
33575
33617
33659
33700
33742
33784
33825
33867
33909
33951
33992
34034
34076
34117
34159
34201
34243
34284
34326
34368
34409
34451
34493
34535
34576
34618
34660
34701
34743
34785
34826
34868
34910
34952
34993
35035
35077
35118
35160
35202
35244
35285
35327
35369
35410
35452
35494
35536
35577
35619
35661
35702
35744
35786
35827
35869
35911
35953
35994
36036
36078
36119
36161
36203
36245
36286
36328
36370
36411
36453
36495
36537
36578
36620
36662
36703
36745
36787
36828
36870
36912
36954
36995
37037
37079
37120
37162
37204
37246
37287
37329
37371
37412
37454
37496
37538
37579
37621
37663
37704
37746
37788
37829
37871
37913
37955
37996
38038
38080
38121
38163
38205
38247
38288
38330
38372
38413
38455
38497
38539
38580
38622
38664
38705
38747
38789
38830
38872
38914
38956
38997
39039
39081
39122
39164
39206
39248
39289
39331
39373
39414
39456
39498
39540
39581
39623
39665
39706
39748
39790
39831
39873
39915
39957
39998
40040
40082
40123
40165
40207
40249
40290
40332
40374
40415
40457
40499
40541
40582
40624
40666
40707
40749
40791
40832
40874
40916
40958
40999
41041
41083
41124
41166
41208
41250
41291
41333
41375
41416
41458
41500
41542
41583
41625
41667
41708
41750
41792
41834
41875
41917
41959
42000
42042
42084
42125
42167
42209
42251
42292
42334
42376
42417
42459
42501
42543
42584
42626
42668
42709
42751
42793
42835
42876
42918
42960
43001
43043
43085
43126
43168
43210
43252
43293
43335
43377
43418
43460
43502
43544
43585
43627
43669
43710
43752
43794
43836
43877
43919
43961
44002
44044
44086
44127
44169
44211
44253
44294
44336
44378
44419
44461
44503
44545
44586
44628
44670
44711
44753
44795
44837
44878
44920
44962
45003
45045
45087
45128
45170
45212
45254
45295
45337
45379
45420
45462
45504
45546
45587
45629
45671
45712
45754
45796
45838
45879
45921
45963
46004
46046
46088
46129
46171
46213
46255
46296
46338
46380
46421
46463
46505
46547
46588
46630
46672
46713
46755
46797
46839
46880
46922
46964
47005
47047
47089
47130
47172
47214
47256
47297
47339
47381
47422
47464
47506
47548
47589
47631
47673
47714
47756
47798
47840
47881
47923
47965
48006
48048
48090
48131
48173
48215
48257
48298
48340
48382
48423
48465
48507
48549
48590
48632
48674
48715
48757
48799
48841
48882
48924
48966
49007
49049
49091
49132
49174
49216
49258
49299
49341
49383
49424
49466
49508
49550
49591
49633
49675
49716
49758
49800
49842
49883
49925
49967
50008
50050
50092
50133
50175
50217
50259
50300
50342
50384
50425
50467
50509
50551
50592
50634
50676
50717
50759
50801
50843
50884
50926
50968
51009
51051
51093
51134
51176
51218
51260
51301
51343
51385
51426
51468
51510
51552
51593
51635
51677
51718
51760
51802
51844
51885
51927
51969
52010
52052
52094
52135
52177
52219
52261
52302
52344
52386
52427
52469
52511
52553
52594
52636
52678
52719
52761
52803
52845
52886
52928
52970
53011
53053
53095
53136
53178
53220
53262
53303
53345
53387
53428
53470
53512
53554
53595
53637
53679
53720
53762
53804
53846
53887
53929
53971
54012
54054
54096
54137
54179
54221
54263
54304
54346
54388
54429
54471
54513
54555
54596
54638
54680
54721
54763
54805
54847
54888
54930
54972
55013
55055
55097
55138
55180
55222
55264
55305
55347
55389
55430
55472
55514
55556
55597
55639
55681
55722
55764
55806
55848
55889
55931
55973
56014
56056
56098
56139
56181
56223
56265
56306
56348
56390
56431
56473
56515
56557
56598
56640
56682
56723
56765
56807
56849
56890
56932
56974
57015
57057
57099
57140
57182
57224
57266
57307
57349
57391
57432
57474
57516
57558
57599
57641
57683
57724
57766
57808
57850
57891
57933
57975
58016
58058
58100
58141
58183
58225
58267
58308
58350
58392
58433
58475
58517
58559
58600
58642
58684
58725
58767
58809
58851
58892
58934
58976
59017
59059
59101
59142
59184
59226
59268
59309
59351
59393
59434
59476
59518
59560
59601
59643
59685
59726
59768
59810
59852
59893
59935
59977
60018
60060
60102
60143
60185
60227
60269
60310
60352
60394
60435
60477
60519
60561
60602
60644
60686
60727
60769
60811
60853
60894
60936
60978
61019
61061
61103
61144
61186
61228
61270
61311
61353
61395
61436
61478
61520
61562
61603
61645
61687
61728
61770
61812
61854
61895
61937
61979
62020
62062
62104
62145
62187
62229
62271
62312
62354
62396
62437
62479
62521
62563
62604
62646
62688
62729
62771
62813
62855
62896
62938
62980
63021
63063
63105
63146
63188
63230
63272
63313
63355
63397
63438
63480
63522
63564
63605
63647
63689
63730
63772
63814
63856
63897
63939
63981
64022
64064
64106
64147
64189
64231
64273
64314
64356
64398
64439
64481
64523
64565
64606
64648
64690
64731
64773
64815
64857
64898
64940
64982
65023
65065
65107
65148
65190
65232
65274
65315
65357
65399
65440
65482
65524
65566
65607
65649
65691
65732
65774
65816
65858
65899
65941
65983
66024
66066
66108
66149
66191
66233
66275
66316
66358
66400
66441
66483
66525
66567
66608
66650
66692
66733
66775
66817
66859
66900
66942
66984
67025
67067
67109
67150
67192
67234
67276
67317
67359
67401
67442
67484
67526
67568
67609
67651
67693
67734
67776
67818
67860
67901
67943
67985
68026
68068
68110
68151
68193
68235
68277
68318
68360
68402
68443
68485
68527
68569
68610
68652
68694
68735
68777
68819
68861
68902
68944
68986
69027
69069
69111
69152
69194
69236
69278
69319
69361
69403
69444
69486
69528
69570
69611
69653
69695
69736
69778
69820
69862
69903
69945
69987
70028
70070
70112
70153
70195
70237
70279
70320
70362
70404
70445
70487
70529
70571
70612
70654
70696
70737
70779
70821
70863
70904
70946
70988
71029
71071
71113
71154
71196
71238
71280
71321
71363
71405
71446
71488
71530
71572
71613
71655
71697
71738
71780
71822
71864
71905
71947
71989
72030
72072
72114
72155
72197
72239
72281
72322
72364
72406
72447
72489
72531
72573
72614
72656
72698
72739
72781
72823
72865
72906
72948
72990
73031
73073
73115
73156
73198
73240
73282
73323
73365
73407
73448
73490
73532
73574
73615
73657
73699
73740
73782
73824
73866
73907
73949
73991
74032
74074
74116
74157
74199
74241
74283
74324
74366
74408
74449
74491
74533
74575
74616
74658
74700
74741
74783
74825
74867
74908
74950
74992
75033
75075
75117
75158
75200
75242
75284
75325
75367
75409
75450
75492
75534
75576
75617
75659
75701
75742
75784
75826
75868
75909
75951
75993
76034
76076
76118
76159
76201
76243
76285
76326
76368
76410
76451
76493
76535
76577
76618
76660
76702
76743
76785
76827
76869
76910
76952
76994
77035
77077
77119
77160
77202
77244
77286
77327
77369
77411
77452
77494
77536
77578
77619
77661
77703
77744
77786
77828
77870
77911
77953
77995
78036
78078
78120
78161
78203
78245
78287
78328
78370
78412
78453
78495
78537
78579
78620
78662
78704
78745
78787
78829
78871
78912
78954
78996
79037
79079
79121
79162
79204
79246
79288
79329
79371
79413
79454
79496
79538
79580
79621
79663
79705
79746
79788
79830
79872
79913
79955
79997
80038
80080
80122
80163
80205
80247
80289
80330
80372
80414
80455
80497
80539
80581
80622
80664
80706
80747
80789
80831
80873
80914
80956
80998
81039
81081
81123
81164
81206
81248
81290
81331
81373
81415
81456
81498
81540
81582
81623
81665
81707
81748
81790
81832
81874
81915
81957
81999
82040
82082
82124
82165
82207
82249
82291
82332
82374
82416
82457
82499
82541
82583
82624
82666
82708
82749
82791
82833
82875
82916
82958
83000
83041
83083
83125
83166
83208
83250
83292
83333
83375
83417
83458
83500
83542
83584
83625
83667
83709
83750
83792
83834
83876
83917
83959
84001
84042
84084
84126
84168
84209
84251
84293
84334
84376
84418
84459
84501
84543
84585
84626
84668
84710
84751
84793
84835
84877
84918
84960
85002
85043
85085
85127
85169
85210
85252
85294
85335
85377
85419
85460
85502
85544
85586
85627
85669
85711
85752
85794
85836
85878
85919
85961
86003
86044
86086
86128
86170
86211
86253
86295
86336
86378
86420
86461
86503
86545
86587
86628
86670
86712
86753
86795
86837
86879
86920
86962
87004
87045
87087
87129
87171
87212
87254
87296
87337
87379
87421
87462
87504
87546
87588
87629
87671
87713
87754
87796
87838
87880
87921
87963
88005
88046
88088
88130
88172
88213
88255
88297
88338
88380
88422
88463
88505
88547
88589
88630
88672
88714
88755
88797
88839
88881
88922
88964
89006
89047
89089
89131
89173
89214
89256
89298
89339
89381
89423
89464
89506
89548
89590
89631
89673
89715
89756
89798
89840
89882
89923
89965
90007
90048
90090
90132
90174
90215
90257
90299
90340
90382
90424
90465
90507
90549
90591
90632
90674
90716
90757
90799
90841
90883
90924
90966
91008
91049
91091
91133
91175
91216
91258
91300
91341
91383
91425
91466
91508
91550
91592
91633
91675
91717
91758
91800
91842
91884
91925
91967
92009
92050
92092
92134
92176
92217
92259
92301
92342
92384
92426
92467
92509
92551
92593
92634
92676
92718
92759
92801
92843
92885
92926
92968
93010
93051
93093
93135
93177
93218
93260
93302
93343
93385
93427
93468
93510
93552
93594
93635
93677
93719
93760
93802
